Series Id:    APU0000704111
Series Title: Bacon, sliced, per lb. (453.6 gm) in U.S. city average, average price, not seasonally adjusted
Area:         U.S. city average
Item:         Bacon, sliced, per lb. (453.6 gm)


Year,Jan,Feb,Mar,Apr,May,Jun,Jul,Aug,Sep,Oct,Nov,Dec
2014,5.563,5.461,5.552,5.690,6.048,6.106,6.009,6.068,5.953,5.759,5.574,5.531
2015,5.589,5.472,5.367,5.211,4.940,5.059,5.184,5.410,5.734,5.899,5.847,5.734
2016,5.656,5.394,5.494,5.613,5.552,5.374,5.454,5.448,5.481,5.375,5.106,5.102
2017,5.180,5.334,5.745,5.775,5.699,5.665,5.819,6.241,6.366,6.066,5.708,5.629
2018,5.654,5.533,5.527,5.421,5.452,5.247,5.418,5.577,5.501,5.370,5.392,5.502
2019,5.518,5.502,5.608,5.552,5.812,5.878,5.701,5.576,5.571,5.653,5.505,5.474
2020,5.505,5.497,5.257,5.346,5.348,5.772,5.776,5.559,5.619,5.722,5.754,5.831
2021,5.831,5.778,5.852,6.215,6.346,6.670,6.857,7.096,7.220,7.317,7.265,7.211
2022,7.222,7.097,7.203,7.422,7.364,7.403,7.415,7.372,7.383,7.608,7.243,6.956
2023,6.808,6.595,6.613,6.549,6.339,6.224,6.236,6.502,7.083,7.223,6.899,6.774
2024,6.614,6.560,6.609,6.637,6.818,6.827,6.883, , , , , 


Series Id:    APU0000711211
Series Title: Bananas, per lb. (453.6 gm) in U.S. city average, average price, not seasonally adjusted
Area:         U.S. city average
Item:         Bananas, per lb. (453.6 gm)


Year,Jan,Feb,Mar,Apr,May,Jun,Jul,Aug,Sep,Oct,Nov,Dec
2014,0.595,0.599,0.597,0.597,0.603,0.607,0.606,0.608,0.606,0.582,0.592,0.585
2015,0.583,0.591,0.593,0.597,0.582,0.574,0.581,0.580,0.580,0.577,0.575,0.580
2016,0.581,0.573,0.586,0.574,0.570,0.569,0.567,0.562,0.575,0.570,0.573,0.576
2017,0.573,0.573,0.571,0.571,0.564,0.572,0.565,0.561,0.544,0.548,0.551,0.558
2018,0.568,0.574,0.582,0.578,0.575,0.575,0.575,0.569,0.573,0.574,0.566,0.577
2019,0.576,0.571,0.581,0.567,0.579,0.574,0.569,0.578,0.569,0.573,0.573,0.573
2020,0.570,0.574,0.576,0.581,0.589,0.588,0.580,0.576,0.574,0.577,0.578,0.572
2021,0.597,0.590,0.594,0.604,0.600,0.595,0.594,0.589,0.597,0.600,0.619,0.622
2022,0.630,0.628,0.642,0.637,0.642,0.640,0.640,0.643,0.643,0.634,0.631,0.628
2023,0.639,0.641,0.632,0.635,0.628,0.625,0.631,0.631,0.625,0.626,0.627,0.625
2024,0.617,0.625,0.629,0.626,0.622,0.625,0.613, , , , , 


Series Id:    APU0000702111
Series Title: Bread, white, pan, per lb. (453.6 gm) in U.S. city average, average price, not seasonally adjusted
Area:         U.S. city average
Item:         Bread, white, pan, per lb. (453.6 gm)


Year,Jan,Feb,Mar,Apr,May,Jun,Jul,Aug,Sep,Oct,Nov,Dec
2014,1.365,1.388,1.359,1.388,1.401,1.400,1.413,1.396,1.405,1.414,1.420,1.466
2015,1.479,1.435,1.440,1.454,1.463,1.467,1.447,1.420,1.432,1.418,1.409,1.428
2016,1.425,1.407,1.416,1.406,1.382,1.333,1.349,1.341,1.329,1.343,1.362,1.362
2017,1.351,1.358,1.329,1.328,1.327,1.335,1.327,1.348,1.349,1.328,1.295,1.316
2018,1.281,1.265,1.309,1.281,1.293,1.279,1.293,1.302,1.288,1.277,1.274,1.290
2019,1.274,1.282,1.261,1.285,1.289,1.280,1.281,1.275,1.296,1.325,1.361,1.363
2020,1.351,1.375,1.374,1.406,1.412,1.474,1.485,1.495,1.492,1.503,1.515,1.538
2021,1.546,1.537,1.526,1.510,1.511,1.510,1.491,1.467,1.580,1.526,1.547,1.532
2022,1.555,1.578,1.607,1.612,1.606,1.691,1.715,1.756,1.749,1.814,1.847,1.873
2023,1.888,1.896,1.936,1.989,1.951,1.937,1.980,1.970,1.972,2.002,1.976,2.024
2024,2.033,2.006,1.997,1.998,1.971,1.973,1.975, , , , , 


Series Id:    APU0000706111
Series Title: Chicken, fresh, whole, per lb. (453.6 gm) in U.S. city average, average price, not seasonally adjusted
Area:         U.S. city average
Item:         Chicken, fresh, whole, per lb. (453.6 gm)


Year,Jan,Feb,Mar,Apr,May,Jun,Jul,Aug,Sep,Oct,Nov,Dec
2014,1.529,1.504,1.544,1.530,1.556,1.503,1.495,1.572,1.543,1.549,1.533,1.541
2015,1.546,1.550,1.545,1.539,1.483,1.515,1.487,1.428,1.415,1.430,1.484,1.437
2016,1.429,1.478,1.463,1.496,1.489,1.408,1.445,1.426,1.487,1.502,1.478,1.463
2017,1.418,1.473,1.462,1.444,1.499,1.497,1.496,1.489,1.480,1.484,1.451,1.470
2018,1.509,1.478,1.502,1.511,1.523,1.514,1.519,1.511,1.487,1.444,1.501,1.466
2019,1.473,1.486,1.468,1.463,1.479,1.590,1.562,1.514,1.487,1.538,1.430,1.450
2020,1.409,1.362,1.400,1.571, ,1.747,1.712,1.609,1.542,1.580,1.639,1.621
2021,1.595,1.583,1.543,1.515,1.486,1.474,1.435,1.472,1.504,1.523,1.583,1.606
2022,1.622,1.632,1.724,1.794,1.824,1.826,1.880,1.879,1.891,1.863,1.843,1.830
2023,1.855,1.894,1.868,1.873,1.920,1.953,1.891,1.958,1.901,1.926,1.976,1.955
2024,1.987,1.951,1.991,1.953,2.013,2.007,1.988, , , , , 


Series Id:    APU0000717311
Series Title: Coffee, 100%, ground roast, all sizes, per lb. (453.6 gm) in U.S. city average, average price, not seasonally adjusted
Area:         U.S. city average
Item:         Coffee, 100%, ground roast, all sizes, per lb. (453.6 gm)


Year,Jan,Feb,Mar,Apr,May,Jun,Jul,Aug,Sep,Oct,Nov,Dec
2014,5.025,5.002,5.005,5.204,5.153,4.670,5.099,5.167,5.215,5.032,4.713,4.590
2015,4.738,4.910,4.827,4.990,4.715,4.686,4.790,4.808,4.669,4.609,4.412,4.486
2016,4.498,4.447,4.405,4.428,4.443,4.481,4.428,4.316,4.372,4.309,4.306,4.281
2017,4.468,4.583,4.650,4.622,4.597,4.545,4.335,4.373,4.323,4.327,4.324,4.285
2018,4.291,4.267,4.343,4.313,4.294, , , ,4.306, , , 
2019, , , , , , , , , ,4.174,4.197,4.053
2020,4.174,4.250,4.334,4.396,4.466,4.517,4.536,4.504,4.487,4.522,4.485,4.520
2021,4.591,4.673,4.671,4.752,4.566,4.605,4.562,4.726,4.733,4.800,4.816,4.965
2022,5.135,5.247,5.410,5.529,5.835,5.793,6.112,6.235,6.170,6.408,6.356,6.465
2023,6.358,6.351,6.184,6.040,6.094,6.091,6.141,6.091,6.085,6.178,6.169,6.092
2024,6.124,6.094,5.964,6.063,5.991,6.253,6.307, , , , , 


Series Id:    APU0000708111
Series Title: Eggs, grade A, large, per doz. in U.S. city average, average price, not seasonally adjusted
Area:         U.S. city average
Item:         Eggs, grade A, large, per doz.


Year,Jan,Feb,Mar,Apr,May,Jun,Jul,Aug,Sep,Oct,Nov,Dec
2014,2.008,1.998,2.061,2.119,1.996,1.948,1.950,1.979,1.970,1.951,2.032,2.210
2015,2.113,2.088,2.133,2.065,1.962,2.570,2.570,2.943,2.966,2.808,2.664,2.751
2016,2.328,2.267,2.081,1.793,1.684,1.491,1.546,1.455,1.471,1.390,1.321,1.383
2017,1.599,1.464,1.404,1.409,1.414,1.332,1.333,1.367,1.422,1.540,1.506,1.815
2018,1.769,1.755,1.831,2.081,1.987,1.628,1.725,1.622,1.651,1.660,1.596,1.595
2019,1.554,1.557,1.544,1.463,1.362,1.203,1.243,1.219,1.383,1.282,1.405,1.535
2020,1.461,1.449,1.525,2.019,1.640,1.554,1.401,1.328,1.353,1.408,1.450,1.481
2021,1.466,1.597,1.625,1.620,1.625,1.642,1.642,1.709,1.835,1.821,1.718,1.788
2022,1.929,2.005,2.046,2.520,2.863,2.707,2.936,3.116,2.902,3.419,3.589,4.250
2023,4.823,4.211,3.446,3.270,2.666,2.219,2.094,2.043,2.065,2.072,2.138,2.507
2024,2.522,2.996,2.992,2.864,2.699,2.715,3.080, , , , , 


Series Id:    APU0000701111
Series Title: Flour, white, all purpose, per lb. (453.6 gm) in U.S. city average, average price, not seasonally adjusted
Area:         U.S. city average
Item:         Flour, white, all purpose, per lb. (453.6 gm)


Year,Jan,Feb,Mar,Apr,May,Jun,Jul,Aug,Sep,Oct,Nov,Dec
2014,0.543,0.555,0.551,0.547,0.532,0.532,0.527,0.531,0.513,0.501,0.515,0.511
2015,0.545,0.525,0.518,0.509,0.520,0.519,0.515,0.524,0.517,0.511,0.496,0.501
2016,0.522,0.522,0.512,0.521,0.525,0.529,0.543,0.546,0.547,0.523,0.507,0.503
2017,0.530,0.526,0.531,0.516,0.517,0.507,0.512,0.512,0.505,0.500,0.469,0.462
2018,0.471,0.470,0.468,0.472,0.469,0.469,0.468,0.464,0.467,0.453,0.433,0.437
2019,0.439,0.443,0.445,0.434,0.454,0.448,0.454,0.450,0.449,0.432,0.417,0.429
2020,0.438,0.438,0.442, ,0.461,0.468,0.461,0.459,0.451,0.452,0.445,0.450
2021,0.446,0.440,0.436,0.437,0.439,0.356,0.368,0.371,0.382,0.396,0.386,0.388
2022,0.424,0.428,0.448,0.455,0.456,0.498,0.533,0.549,0.556,0.534,0.524,0.522
2023,0.540,0.550,0.546,0.542,0.544,0.551,0.564,0.566,0.565,0.562,0.541,0.538
2024,0.554,0.558,0.565,0.574,0.570,0.575,0.574, , , , , 


Series Id:    APU0000709112
Series Title: Milk, fresh, whole, fortified, per gal. (3.8 lit) in U.S. city average, average price, not seasonally adjusted
Area:         U.S. city average
Item:         Milk, fresh, whole, fortified, per gal. (3.8 lit)


Year,Jan,Feb,Mar,Apr,May,Jun,Jul,Aug,Sep,Oct,Nov,Dec
2014,3.552,3.561,3.669,3.687,3.735,3.626,3.645,3.673,3.732,3.766,3.858,3.820
2015,3.758,3.496,3.463,3.397,3.387,3.366,3.430,3.389,3.392,3.338,3.299,3.310
2016,3.313,3.230,3.187,3.155,3.157,3.115,3.062,3.141,3.229,3.292,3.280,3.290
2017,3.318,3.300,3.315,3.259,3.242,3.213,3.219,3.168,3.209,3.158,3.150,3.155
2018,2.961,2.923,2.903,2.924,2.919,2.877,2.839,2.871,2.890,2.913,2.877,2.853
2019,2.913,2.900,2.944,2.980,2.963,3.054,3.031,3.045,3.102,3.119,3.189,3.188
2020,3.253,3.196,3.248,3.267,3.210,3.198,3.255,3.406,3.448,3.380,3.425,3.535
2021,3.468,3.368,3.348,3.447,3.497,3.557,3.627,3.560,3.585,3.663,3.671,3.743
2022,3.787,3.875,3.917,4.012,4.204,4.153,4.156,4.194,4.181,4.184,4.218,4.211
2023,4.204,4.163,4.098,4.042,4.042,3.985,3.971,3.927,3.965,3.927,3.997,4.008
2024,3.958,3.940,3.893,3.868,3.864,3.956,3.983, , , , , 


Series Id:    APU0000711311
Series Title: Oranges, Navel, per lb. (453.6 gm) in U.S. city average, average price, not seasonally adjusted
Area:         U.S. city average
Item:         Oranges, Navel, per lb. (453.6 gm)


Year,Jan,Feb,Mar,Apr,May,Jun,Jul,Aug,Sep,Oct,Nov,Dec
2014,1.118,1.146,1.212,1.261,1.342,1.299,1.390,1.467,1.486,1.508,1.352,1.246
2015,1.195,1.185,1.201,1.165,1.208,1.274,1.380,1.493,1.480,1.514,1.329,1.229
2016,1.196,1.194,1.188,1.176,1.148,1.186,1.268,1.365,1.410,1.412,1.239,1.169
2017,1.186,1.191,1.180,1.174,1.226,1.346,1.462,1.453,1.480,1.590,1.486,1.315
2018,1.326,1.339,1.305,1.291,1.348,1.409,1.538,1.559,1.511,1.502,1.437,1.389
2019,1.344,1.298,1.346,1.280,1.331,1.296,1.411,1.442,1.426,1.470,1.429,1.327
2020,1.244,1.218,1.174, ,1.209,1.296, , , , , ,1.329
2021,1.303,1.321,1.266,1.320,1.317,1.354, , , ,1.490,1.440,1.448
2022,1.427,1.445,1.480,1.505,1.546,1.600, ,1.703,1.730,1.730,1.641,1.485
2023,1.514,1.549,1.509,1.530,1.512,1.535,1.591,1.623,1.637,1.693,1.664,1.601
2024,1.550,1.532,1.516,1.475,1.545,1.582,1.627, , , , , 


Series Id:    APU0000701312
Series Title: Rice, white, long grain, uncooked, per lb. (453.6 gm) in U.S. city average, average price, not seasonally adjusted
Area:         U.S. city average
Item:         Rice, white, long grain, uncooked, per lb. (453.6 gm)


Year,Jan,Feb,Mar,Apr,May,Jun,Jul,Aug,Sep,Oct,Nov,Dec
2014,0.731,0.732,0.733,0.750,0.739,0.742,0.758,0.737,0.746,0.723,0.717,0.700
2015,0.692,0.689,0.670,0.670,0.676,0.691,0.673,0.669,0.662,0.690,0.732,0.711
2016,0.709,0.707,0.711,0.703,0.747,0.734,0.740,0.729,0.721,0.697,0.703,0.693
2017,0.700,0.695,0.692,0.686,0.726,0.752,0.764,0.753,0.741,0.723,0.712,0.711
2018,0.682,0.691,0.682,0.685,0.698,0.689,0.690,0.705,0.693,0.685,0.711,0.712
2019,0.730,0.762,0.757,0.767,0.761,0.801,0.798,0.793,0.797,0.773,0.721,0.714
2020,0.716,0.734,0.733, ,0.748,0.749,0.772,0.769,0.777,0.766,0.791,0.789
2021,0.794,0.779,0.772,0.785,0.801,0.778,0.782,0.784,0.798,0.788,0.844,0.820
2022,0.832,0.830,0.871,0.900,0.909,0.924,0.929,0.925,0.939,0.963,0.963,0.971
2023,0.970,0.959,0.982,0.980,0.997,1.003,1.006,0.997,0.981,0.960,0.992,0.990
2024,1.000,1.001,1.014,1.025,1.002,1.018,1.039, , , , , 


Series Id:    APU0000712311
Series Title: Tomatoes, field grown, per lb. (453.6 gm) in U.S. city average, average price, not seasonally adjusted
Area:         U.S. city average
Item:         Tomatoes, field grown, per lb. (453.6 gm)


Year,Jan,Feb,Mar,Apr,May,Jun,Jul,Aug,Sep,Oct,Nov,Dec
2014,1.702,1.672,1.632,1.622,1.629,1.675,1.633,1.544,1.546,1.695,1.948,2.189
2015,2.089,1.849,1.819,1.847,1.740,1.708,1.777,1.737,1.775,1.844,1.977,1.932
2016,2.528,2.316,1.941,1.862,1.695,1.709,1.635,1.685,1.786,1.994,1.984,1.972
2017,2.048,1.930,1.943,1.902,1.867,1.873,1.952,1.846,1.828,1.813,1.933,2.237
2018,2.336,2.026,1.868,1.802,1.675,1.706,1.887,1.737,1.826,1.901,2.057,2.175
2019,2.227,2.068,2.079,1.947,1.823,1.812,1.799,1.864,1.911,1.779,1.903,1.954
2020,2.221,2.197, , ,1.851,1.922,1.977,1.874,1.847,1.911,1.935,1.893
2021,1.928,1.838,1.768,1.786,1.804,1.830,1.827,1.858,1.828,1.892,1.924,1.906
2022,1.892,1.826,1.827,1.794,1.819,1.842,1.842,1.890,1.901,1.974,2.107,2.228
2023,2.110,1.990,1.932,1.874,1.798,1.911,1.896,1.877,1.844,1.865,1.942,1.995
2024,2.146,2.132,2.044,1.962,1.859,1.843,1.945, , , , , 


Series Id:    APU000072610
Series Title: Electricity per KWH in U.S. city average, average price, not seasonally adjusted
Area:         U.S. city average
Item:         Electricity per KWH


Year,Jan,Feb,Mar,Apr,May,Jun,Jul,Aug,Sep,Oct,Nov,Dec
2014,0.134,0.134,0.135,0.131,0.136,0.143,0.143,0.143,0.141,0.136,0.134,0.135
2015,0.138,0.138,0.136,0.137,0.137,0.143,0.142,0.142,0.141,0.136,0.134,0.133
2016,0.134,0.134,0.134,0.134,0.133,0.138,0.139,0.139,0.139,0.134,0.131,0.133
2017,0.134,0.135,0.134,0.135,0.137,0.142,0.143,0.142,0.142,0.137,0.136,0.136
2018,0.135,0.135,0.135,0.134,0.136,0.139,0.139,0.139,0.138,0.136,0.134,0.135
2019,0.135,0.136,0.135,0.135,0.136,0.139,0.140,0.139,0.139,0.136,0.133,0.133
2020,0.134,0.134,0.134,0.133,0.134,0.137,0.137,0.137,0.137,0.135,0.136,0.136
2021,0.136,0.137,0.138,0.139,0.140,0.142,0.143,0.144,0.144,0.142,0.142,0.142
2022,0.147,0.148,0.150,0.151,0.154,0.160,0.164,0.167,0.167,0.166,0.163,0.165
2023,0.168,0.168,0.166,0.165,0.165,0.170,0.169,0.170,0.171,0.169,0.168,0.169
2024,0.173,0.173,0.174,0.173,0.175,0.178,0.178, , , , , 


Series Id:    APU000072511
Series Title: Fuel oil #2 per gallon (3.785 liters) in U.S. city average, average price, not seasonally adjusted
Area:         U.S. city average
Item:         Fuel oil #2 per gallon (3.785 liters)


Year,Jan,Feb,Mar,Apr,May,Jun,Jul,Aug,Sep,Oct,Nov,Dec
2014,3.904,4.072,3.952,3.830,3.815,3.779,3.753,3.705,3.642,3.515,3.384,3.138
2015,2.811,2.864,3.019,2.755,2.788,2.743,2.651,2.437,2.376,2.350,2.302,2.114
2016,1.970,1.923,1.947,1.989,2.097,2.155,2.130,2.073,2.122,2.288,2.256,2.394
2017,2.482,2.474,2.449,2.438,2.378,2.284,2.215,2.292,2.481,2.520,2.633,2.703
2018,2.902,2.856,2.827,2.875,3.132,3.132,3.220,3.229,3.279,3.381,3.286,2.951
2019,2.934,3.030,3.050,3.103,3.030,2.946,2.932,2.870,2.894,3.008,2.984,3.035
2020,3.052,2.812,2.405,2.044,1.905,2.057,2.134,2.161,2.123,2.139,2.208,2.419
2021,2.549,2.790,2.873,2.785,2.825,2.952,2.980,2.932,2.999,3.422,3.512,3.443
2022,3.776,4.058,4.928,5.143,5.973,5.863,5.256,4.953,4.815,5.786,5.240,4.344
2023,4.313,3.988,3.866,3.709,3.423,3.395,3.472,3.819,4.151,4.089,4.011,3.821
2024,3.766,3.828,3.774,3.706,3.694,3.576,3.683, , , , , 


Series Id:    APU00007471A
Series Title: Gasoline, all types, per gallon/3.785 liters in U.S. city average, average price, not seasonally adjusted
Area:         U.S. city average
Item:         Gasoline, all types, per gallon/3.785 liters


Year,Jan,Feb,Mar,Apr,May,Jun,Jul,Aug,Sep,Oct,Nov,Dec
2014,3.378,3.422,3.590,3.717,3.745,3.750,3.690,3.540,3.463,3.241,2.945,2.618
2015,2.170,2.308,2.544,2.545,2.832,2.889,2.893,2.745,2.463,2.357,2.249,2.125
2016,2.034,1.833,2.021,2.196,2.324,2.422,2.287,2.218,2.269,2.304,2.246,2.289
2017,2.409,2.360,2.386,2.479,2.448,2.400,2.344,2.436,2.688,2.545,2.608,2.521
2018,2.596,2.632,2.631,2.795,2.963,2.970,2.930,2.919,2.930,2.945,2.733,2.479
2019,2.352,2.412,2.620,2.894,2.963,2.814,2.836,2.716,2.694,2.741,2.687,2.652
2020,2.631,2.530,2.334,1.946,1.946,2.141,2.243,2.245,2.260,2.228,2.159,2.235
2021,2.391,2.559,2.856,2.907,3.041,3.245,3.326,3.351,3.361,3.477,3.576,3.505
2022,3.500,3.675,4.401,4.369,4.695,5.149,4.768,4.205,3.990,4.130,3.958,3.459
2023,3.555,3.622,3.660,3.839,3.794,3.821,3.842,4.064,4.107,3.910,3.623,3.411
2024,3.353,3.486,3.707,3.907,3.885,3.729,3.747, , , , , 


Series Id:    APU000074714
Series Title: Gasoline, unleaded regular, per gallon/3.785 liters in U.S. city average, average price, not seasonally adjusted
Area:         U.S. city average
Item:         Gasoline, unleaded regular, per gallon/3.785 liters


Year,Jan,Feb,Mar,Apr,May,Jun,Jul,Aug,Sep,Oct,Nov,Dec
2014,3.320,3.364,3.532,3.659,3.691,3.695,3.633,3.481,3.403,3.182,2.887,2.560
2015,2.110,2.249,2.483,2.485,2.775,2.832,2.832,2.679,2.394,2.289,2.185,2.060
2016,1.967,1.767,1.958,2.134,2.264,2.363,2.225,2.155,2.208,2.243,2.187,2.230
2017,2.351,2.299,2.323,2.418,2.386,2.337,2.281,2.374,2.630,2.484,2.548,2.459
2018,2.539,2.575,2.572,2.737,2.907,2.914,2.873,2.862,2.873,2.887,2.671,2.414
2019,2.289,2.353,2.564,2.835,2.901,2.752,2.776,2.655,2.630,2.673,2.620,2.587
2020,2.567,2.465,2.267,1.876,1.879,2.076,2.176,2.177,2.193,2.159,2.090,2.168
2021,2.326,2.496,2.791,2.839,2.972,3.154,3.233,3.255,3.265,3.385,3.482,3.408
2022,3.413,3.592,4.312,4.271,4.604,5.058,4.667,4.101,3.881,4.016,3.853,3.356
2023,3.452,3.514,3.551,3.735,3.685,3.712,3.732,3.955,3.988,3.782,3.500,3.289
2024,3.221,3.359,3.581,3.776,3.755,3.601,3.622, , , , , 
